#Time series of the CCD V magnitude differences of xxxxx relative to the
#mean magnitude of
#GSC2.2  N0330220980  (21:21:30.731 +32:13.05.78) and    
#GSC2.2  N03302207371 (21:20:59.483 +32:13.01.63)
#HJD-2400000   deltaV
54265.45479	-0.2487
54265.46045	-0.4038
54265.46611	-0.5007
54265.47177	-0.6127
54265.47742	-0.7457
54265.48307	-0.8193
54265.48877	-0.8351
54265.49446	-0.8290
54265.49994	-0.8030
54265.50514	-0.7777
54265.50996	-0.7532
54265.51475	-0.7297
54265.51956	-0.7169
54265.52434	-0.6808
54265.52912	-0.6642
54265.53391	-0.6351
54265.53869	-0.6035
54265.54349	-0.5832
54265.54828	-0.5557
54265.55306	-0.5370
54265.55786	-0.5192
54265.56265	-0.4834
54265.56743	-0.4681
54265.57222	-0.4631
54266.43202	-0.3635
54266.43767	-0.3516
54266.44337	-0.3323
54266.44879	-0.3119
54266.45423	-0.2958
54266.45965	-0.2746
54266.46509	-0.2596
54266.47051	-0.2578
54266.47594	-0.2448
54266.48137	-0.2351
54266.49224	-0.2151
54266.49764	-0.1944
54266.50271	-0.1780
54266.50746	-0.1757
54266.51193	-0.1588
54266.51639	-0.1526
54266.52087	-0.1506
54266.52533	-0.1440
54266.52979	-0.1291
54266.53425	-0.1229
54266.53872	-0.0943
54266.54318	-0.0853
54266.54765	-0.0845
54266.55212	-0.0758
54266.55661	-0.0714
54266.56107	-0.0579
54266.56554	-0.0619
54266.57001	-0.0553
54266.57447	-0.0514
54269.50885	-0.0343
54269.51331	-0.0224
54269.51778	-0.0376
54269.52225	-0.0343
54269.52671	-0.0257
54269.53229	-0.0179
54269.53677	-0.0292
54269.54123	-0.0093
54269.54570	-0.0065
54269.55017	0.0100
54269.55464	0.0112
54269.55913	0.0251
54269.56359	0.0275
54269.56806	0.0452
54269.57252	0.0556
54271.39426	-0.7556
54271.39872	-0.7354
54271.40319	-0.7016
54271.40765	-0.6810
54271.41210	-0.6487
54271.41658	-0.6205
54271.42105	-0.6091
54271.42551	-0.5750
54271.42998	-0.5521
54271.43446	-0.5347
54271.43892	-0.5100
54271.44338	-0.4877
54271.44785	-0.4732
54271.45232	-0.4345
54271.45678	-0.4184
54271.46126	-0.3954
54271.46572	-0.3789
54271.47019	-0.3659
54271.47466	-0.3474
54271.47912	-0.3280
54271.48359	-0.3139
54271.48805	-0.2943
54271.49253	-0.2794
54271.49700	-0.2747
54271.50161	-0.2570
54271.50628	-0.2503
54271.51075	-0.2436
54271.51522	-0.2197
54271.51968	-0.2135
54271.52414	-0.2075
54271.52862	-0.1945
54271.53309	-0.1861
54271.53755	-0.1759
54271.54203	-0.1751
54271.54649	-0.1613
54271.55096	-0.1478
54271.55543	-0.1355
54271.55989	-0.1340
54271.56435	-0.1245
54271.56882	-0.1052
54271.57329	-0.0872
54271.57775	-0.0896
54272.33354	-0.2940
54272.33833	-0.2585
54272.34312	-0.2414
54272.34791	-0.2389
54272.35270	-0.2280
54272.35749	-0.2119
54272.36229	-0.1974
54272.36708	-0.2123
54272.37186	-0.1908
54272.37666	-0.1722
54272.38144	-0.1686
54272.38624	-0.1698
54272.39103	-0.1632
54272.39582	-0.1412
54272.40060	-0.1228
54272.40541	-0.1268
54272.41020	-0.1084
54272.41499	-0.0995
54272.41979	-0.0875
54272.42459	-0.0739
54272.42937	-0.0554
54272.43416	-0.0356
54272.44374	-0.0484
54272.44904	-0.0460
54272.45446	-0.0328
54272.45982	-0.0401
54272.46461	-0.0349
54272.46939	-0.0276
54272.47418	-0.0299
54272.47896	-0.0173
54272.48376	-0.0088
54272.48854	0.0020
54272.49333	0.0093
54272.49811	0.0275
54272.50290	0.0271
54272.50769	0.0477
54273.51079	-0.6403
54275.51708	0.0304
54275.52200	-0.0437
54275.52774	-0.1741
54275.53347	-0.3297
54275.53921	-0.4718
54275.54495	-0.5550
54275.55069	-0.6896
54275.55643	-0.7871
54275.56217	-0.8324
54275.56791	-0.8398
54275.57364	-0.8235
54276.32994	0.1409
54276.33558	0.1303
54276.34132	0.1271
54276.34706	0.1214
54276.35282	0.0930
54276.35857	0.0197
54276.36431	-0.0660
54276.37006	-0.2212
54276.37579	-0.3649
54276.38152	-0.4769
54276.38727	-0.5879
54276.39301	-0.7233
54276.39875	-0.8079
54276.40449	-0.8469
54276.41023	-0.8341
54276.41597	-0.8258
54276.42171	-0.7835
54276.42745	-0.7464
54276.43320	-0.7205
54276.43894	-0.6978
54276.44468	-0.6654
54276.45042	-0.6422
54276.45616	-0.6013
54276.46192	-0.5745
54276.46764	-0.5465
54276.47338	-0.5254
54276.47911	-0.4938
54276.48485	-0.4776
54276.49059	-0.4499
54276.49633	-0.4270
54276.50207	-0.4074
54276.50781	-0.3785
54276.51355	-0.3572
54276.51930	-0.3365
54276.52504	-0.3281
54276.53079	-0.3022
54276.53652	-0.2916
54276.54156	-0.2711
54276.54636	-0.2528
54276.55116	-0.2380
54276.55595	-0.2349
54276.57032	-0.2068
54276.57511	-0.1857
54276.57991	-0.1970
54277.45704	-0.0955
54277.46182	-0.0876
54277.46662	-0.0765
54277.47141	-0.0673
54277.47620	-0.0607
54277.48099	-0.0543
54277.48577	-0.0505
54277.49055	-0.0465
54277.49534	-0.0431
54277.50014	-0.0467
54277.50493	-0.0432
54277.50972	-0.0339
54277.51451	-0.0329
54277.51930	-0.0072
54277.52408	-0.0103
54277.52888	0.0018
54277.53367	0.0158
54277.53846	0.0341
54277.54327	0.0408
54277.54806	0.0596
54277.55285	0.0632
54277.55764	0.0844
54277.56244	0.1058
54277.56724	0.1028
54277.57202	0.1228
54277.57682	0.1412
54280.44900	-0.0160
54280.45361	-0.0044
54280.45824	-0.0003
54280.46286	0.0067
54280.46760	0.0064
54280.47240	0.0231
54280.47719	0.0375
54280.48198	0.0441
54280.48677	0.0536
54280.49157	0.0596
54280.49635	0.0869
54280.50114	0.1019
54280.50593	0.1084
54280.51073	0.1237
54280.51552	0.1446
54280.52030	0.1490
54280.52509	0.1573
54280.52988	0.1540
54280.53467	0.1553
54280.53945	0.1604
54280.54423	0.1519
54280.54901	0.1532
54280.55379	0.1180
54280.55858	0.0887
54280.56336	0.0013
54280.56815	-0.1054
54280.57293	-0.2621
54282.46115	-0.1691
54282.46596	-0.1500
54282.47075	-0.1438
54282.47555	-0.1268
54282.48034	-0.1350
54282.48514	-0.1180
54282.48993	-0.1017
54282.49473	-0.0892
54282.49951	-0.0773
54282.50433	-0.0629
54282.50914	-0.0580
54282.51393	-0.0518
54282.51872	-0.0333
54282.52352	-0.0421
54282.52831	-0.0317
54282.53310	-0.0348
54282.53789	-0.0282
54282.54267	-0.0224
54282.54746	-0.0230
54282.55225	-0.0239
54282.56662	0.0014
54282.57141	0.0236
54282.57620	0.0199
54283.45632	0.1326
54283.46111	0.1376
54283.46591	0.1462
54283.47070	0.1563
54283.47549	0.1580
54283.48029	0.1464
54283.48506	0.1339
54283.48952	0.1116
54283.49399	0.0702
54283.49845	0.0110
54283.50291	-0.0952
54283.50738	-0.2199
54283.51184	-0.3497
54283.51631	-0.4912
54283.52078	-0.5791
54283.52525	-0.6630
54283.52972	-0.7641
54283.53419	-0.8365
54283.53866	-0.8642
54283.54313	-0.8588
54283.54760	-0.8412
54283.55206	-0.8334
54283.55653	-0.8033
54283.56100	-0.7821
54283.56547	-0.7571
54283.56993	-0.7341
54283.57440	-0.7209
54283.57886	-0.6803
54302.36173	0.1520
54302.37065	0.1568
54302.37544	0.1516
54302.38953	0.1248
54302.39431	0.0402
54302.40390	-0.2311
54302.40870	-0.3692
54302.41827	-0.6080
54302.42307	-0.7381
54302.42786	-0.8412
54302.45298	-0.8337
54302.45777	-0.8047
54302.46257	-0.7552
54302.46736	-0.7468
54302.47216	-0.7068
54302.51534	-0.4743
54302.52014	-0.4578
54302.52494	-0.4327
54302.52973	-0.4104
54302.53451	-0.3891
54302.53931	-0.3679
54302.54411	-0.3567
54302.54891	-0.3359
54302.55370	-0.3216
54302.55850	-0.3038
54302.56329	-0.2883
54302.57288	-0.2620
54302.57768	-0.2450
54302.58249	-0.2411
54302.58728	-0.2268
54302.59247	-0.2234
54302.59728	-0.2253
54302.60208	-0.2051
54304.32362	-0.0924
54304.32841	-0.0813
54304.33323	-0.0798
54304.33801	-0.0533
54304.34282	-0.0610
54304.34762	-0.0590
54304.35242	-0.0546
54304.35722	-0.0336
54304.36202	-0.0344
54304.36682	-0.0533
54304.37161	-0.0314
54304.37642	-0.0302
54304.38122	-0.0260
54304.38602	-0.0330
54304.39081	-0.0218
54304.39561	-0.0142
54304.40040	-0.0037
54304.43064	0.0856
54304.43543	0.0982
54304.44022	0.1155
54304.44502	0.1310
54304.44981	0.1387
54304.45460	0.1358
54304.45940	0.1392
54304.46419	0.1494
54304.46898	0.1488
54304.47378	0.1520
54304.47857	0.1349
54304.48337	0.1015
54304.48817	0.0577
54304.49296	-0.0202
54304.49776	-0.1183
54304.50256	-0.2727
54304.50735	-0.4229
54304.51215	-0.5348
54304.51695	-0.6252
54304.52173	-0.7387
54304.52652	-0.8262
54304.53132	-0.8679
54304.53611	-0.8656
54304.54090	-0.8576
54304.54569	-0.8357
54304.55048	-0.8030
54304.55527	-0.7839
54304.56006	-0.7588
54304.56485	-0.7337
54304.56964	-0.7073
54304.57443	-0.6791
54304.57923	-0.6528
54304.58402	-0.6277
54304.58898	-0.6011
54304.59393	-0.5738
54304.59871	-0.5540
54306.50551	0.0153
54306.51029	0.0275
54306.51508	0.0379
54306.51988	0.0511
54306.52467	0.0682
54306.52946	0.0811
54306.53425	0.0969
54306.53904	0.1016
54306.54385	0.1202
54306.54864	0.1227
54306.55343	0.1365
54306.55822	0.1478
54306.56301	0.1421
54306.56780	0.1381
54306.57259	0.1261
54306.57738	0.1183
54306.58216	0.0812
54306.58696	0.0300
54306.59210	-0.0448
54308.31985	-0.8310
54308.32464	-0.8208
54308.32945	-0.7992
54308.33425	-0.7714
54308.33904	-0.7549
54308.34383	-0.7234
54308.34861	-0.6919
54308.35293	-0.6728
54308.35708	-0.6459
54308.36123	-0.6329
54308.36953	-0.5911
54308.37369	-0.5722
54308.37784	-0.5449
54308.38199	-0.5335
54308.38613	-0.5092
54308.39028	-0.4890
54308.39444	-0.4698
54308.39858	-0.4610
54308.40275	-0.4368
54308.40689	-0.4235
54308.41105	-0.4050
54308.41520	-0.3888
54308.42573	-0.3545
54308.42989	-0.3451
54308.43404	-0.3298
54308.43819	-0.3151
54308.44234	-0.2984
54308.44652	-0.2948
54308.45098	-0.2759
54308.45545	-0.2683
54308.46438	-0.2479
54308.46885	-0.2366
54308.47332	-0.2311
54308.47779	-0.2143
54308.48225	-0.1984
54308.48673	-0.1961
54308.49119	-0.1804
54308.49566	-0.1669
54308.50460	-0.1522
54308.50908	-0.1419
54308.51356	-0.1349
54308.51802	-0.1208
54308.52248	-0.1122
54308.52695	-0.1041
54308.53142	-0.0920
54308.53588	-0.0722
54308.54035	-0.0686
54308.54482	-0.0569
54308.54929	-0.0649
54308.55375	-0.0573
54308.55822	-0.0511
54308.56270	-0.0491
54308.56716	-0.0461
54308.57163	-0.0404
54308.57610	-0.0359
54308.58057	-0.0271
54308.58504	-0.0158
54308.58969	-0.0143
54308.59432	-0.0090
54308.59878	-0.0007
54312.48277	-0.2720
54312.48723	-0.4212
54312.49169	-0.5306
54312.49615	-0.6350
54312.50061	-0.7561
54312.50507	-0.8509
54312.50953	-0.8902
54312.51400	-0.9059
54312.51848	-0.8928
54312.52293	-0.8707
54312.52740	-0.8447
54312.53186	-0.8168
54312.53633	-0.7912
54312.54080	-0.7685
54312.54526	-0.7361
54312.54973	-0.7135
54312.55420	-0.6892
54312.55865	-0.6615
54312.56311	-0.6361
54312.56758	-0.6144
54312.57205	-0.5859
54312.57651	-0.5634
54312.58097	-0.5413
54312.58543	-0.5241
54312.59008	-0.4937
54312.59454	-0.4751
54312.59899	-0.4584
54313.33213	-0.5621
54313.33659	-0.6666
54313.34179	-0.7960
54313.34721	-0.8709
54313.35263	-0.8984
54313.35806	-0.8850
54313.36349	-0.8563
54313.36891	-0.8231
54313.37433	-0.7941
54313.37976	-0.7606
54313.38518	-0.7267
54313.39060	-0.6943
54313.39602	-0.6694
54313.40144	-0.6448
54313.42565	-0.5081
54313.43106	-0.4806
54313.43651	-0.4539
54313.44195	-0.4350
54313.44738	-0.4101
54313.45279	-0.3890
54313.45822	-0.3681
54313.46364	-0.3470
54313.46906	-0.3204
54313.47448	-0.3089
54313.47991	-0.2894
54313.48533	-0.2765
54313.49076	-0.2592
54313.49619	-0.2397
54313.50161	-0.2272
54313.50703	-0.2292
54313.51247	-0.2077
54313.51790	-0.1930
54313.52332	-0.1909
54313.52875	-0.1718
54313.53417	-0.1657
54313.53960	-0.1518
54313.54503	-0.1379
54313.55045	-0.1227
54313.55587	-0.1119
54313.56122	-0.0913
54313.56600	-0.0765
54313.57079	-0.0638
54313.57557	-0.0662
54313.58036	-0.0534
54313.58515	-0.0454
54313.59011	-0.0410
54313.59506	-0.0385
54313.59984	-0.0425
54313.60463	-0.0340
54314.31057	-0.3180
54314.31537	-0.3067
54314.32017	-0.2829
54314.32494	-0.2748
54314.32973	-0.2577
54314.33452	-0.2408
54314.33931	-0.2368
54314.34410	-0.2193
54314.34889	-0.2118
54315.56561	-0.3291
54315.57040	-0.3172
54315.57520	-0.2939
54315.57999	-0.2798
54315.58478	-0.2625
54315.58977	-0.2538
54315.59477	-0.2555
54315.59956	-0.2370
54315.60435	-0.2302
54315.60915	-0.2139
54318.31488	0.1413
54318.31969	0.1454
54318.32450	0.1302
54318.32931	0.1284
54318.33409	0.1144
54318.33888	0.0916
54318.34368	0.0395
54318.34847	-0.0437
54318.35326	-0.1309
54318.35806	-0.2618
54318.36285	-0.4032
54318.36764	-0.4838
54318.37243	-0.5624
54318.37724	-0.6767
54318.38203	-0.7730
54318.38682	-0.8265
54318.39164	-0.8351
54318.39644	-0.8325
54318.40126	-0.8111
54318.40605	-0.7918
54318.41084	-0.7711
54318.41563	-0.7410
54318.42041	-0.7212
54318.42520	-0.6902
54318.42999	-0.6583
54318.43478	-0.6366
54318.43956	-0.6232
54318.44435	-0.6001
54318.44913	-0.5781
54318.45392	-0.5445
54318.45872	-0.5281
54318.46352	-0.5011
54318.46832	-0.4812
54318.47311	-0.4700
54318.47790	-0.4391
54318.48271	-0.4199
54318.48751	-0.4044
54318.49230	-0.3874
54318.49709	-0.3683
54318.50188	-0.3512
54318.50668	-0.3374
54318.51146	-0.3158
54318.51624	-0.3037
54318.52103	-0.2850
54318.52582	-0.2720
54318.53061	-0.2559
54318.53540	-0.2520
54318.54019	-0.2335
54318.54498	-0.2314
54318.54976	-0.2114
54318.55454	-0.2044
54318.55933	-0.1987
54318.56410	-0.1889
54318.56889	-0.1858
54318.57368	-0.1681
54318.57847	-0.1534
54318.58327	-0.1509
54318.58805	-0.1392
54318.59339	-0.1278
54318.59817	-0.0949
54318.60295	-0.0919
54318.60775	-0.0792
54320.30508	-0.0434
54320.30987	-0.0465
54320.31466	-0.0477
54320.31945	-0.0484
54320.32903	-0.0379
54320.34772	-0.0072
54320.35252	0.0075
54320.35727	0.0061
54320.36174	0.0085
54320.36620	0.0318
54320.37068	0.0473
54320.37516	0.0474
54320.39749	0.1297
54320.40195	0.1333
54320.40642	0.1380
54320.41089	0.1416
54320.41532	0.1574
54320.41948	0.1504
54320.42363	0.1570
54320.42778	0.1464
54320.43190	0.1445
54320.43572	0.1338
54320.43955	0.1007
54320.44339	0.0689
54320.44723	0.0262
54320.45106	-0.0298
54320.45489	-0.1332
54320.45873	-0.2283
54320.46277	-0.3591
54320.46681	-0.4703
54320.47086	-0.5438
54320.47490	-0.6262
54320.47894	-0.7455
54320.48299	-0.8158
54320.49106	-0.8714
54320.49493	-0.8669
54320.49880	-0.8511
54320.50267	-0.8348
54320.50654	-0.8188
54320.51040	-0.7999
54320.51427	-0.7823
54320.51814	-0.7540
54320.52201	-0.7215
54320.52588	-0.7142
54320.52975	-0.6869
54320.53361	-0.6690
54320.53747	-0.6467
54320.54133	-0.6282
54320.55293	-0.5722
54320.55680	-0.5496
54320.56066	-0.5323
54320.56452	-0.5034
54320.56820	-0.4881
54320.57189	-0.4858
54320.57559	-0.4706
54320.58297	-0.4372
54320.58667	-0.4147
54320.59055	-0.4018
54320.59424	-0.3845
54320.59793	-0.3653
54320.60162	-0.3546
54320.60531	-0.3403
54320.60900	-0.3283
54321.43030	-0.3981
54321.43400	-0.3900
54321.43770	-0.3718
54321.44139	-0.3574
54321.44507	-0.3384
54321.45246	-0.3266
54321.45615	-0.3026
54321.45984	-0.2953
54321.46353	-0.2811
54321.46723	-0.2656
54321.47092	-0.2620
54321.47461	-0.2559
54321.47830	-0.2475
54321.48199	-0.2457
54321.49676	-0.1922
54321.50784	-0.1734
54321.51156	-0.1734
54321.51525	-0.1529
54321.51895	-0.1491
54321.52266	-0.1439
54321.52636	-0.1198
54321.53009	-0.1096
54321.53880	-0.0980
54321.55199	-0.0691
54321.55638	-0.0600
54321.56081	-0.0463
54321.56555	-0.0432
54321.57028	-0.0337
54321.57501	-0.0153
54321.57975	-0.0281
54321.58448	-0.0229
54321.58921	-0.0297
54321.59434	-0.0168
54321.60380	-0.0151
54326.29756	0.1383
54326.30264	0.1454
54326.30755	0.1312
54326.31245	0.1038
54326.31735	0.0789
54326.32227	0.0313
54326.32716	-0.0538
54326.33207	-0.1836
54326.33698	-0.3278
54326.34188	-0.4679
54326.34678	-0.5648
54326.35169	-0.6682
54326.35660	-0.7808
54326.36150	-0.8385
54326.36640	-0.8548
54326.37129	-0.8467
54326.37586	-0.8358
54326.38041	-0.8177
54326.38497	-0.7938
54326.38954	-0.7683
54326.39409	-0.7518
54326.39865	-0.7209
54326.40322	-0.6998
54326.40779	-0.6620
54326.41235	-0.6437
54326.41691	-0.6132
54326.42144	-0.5906
54326.42565	-0.5763
54326.42984	-0.5503
54326.43384	-0.5371
54326.43754	-0.5161
54326.44126	-0.5031
54326.44494	-0.4784
54326.44863	-0.4584
54326.45232	-0.4574
54326.45601	-0.4273
54326.45970	-0.4182
54326.46339	-0.4044
54326.46708	-0.3809
54326.47077	-0.3696
54326.47446	-0.3505
54326.47815	-0.3496
54326.49046	-0.3119
54326.49415	-0.2917
54326.49784	-0.2720
54326.50153	-0.2727
54326.50522	-0.2648
54326.50892	-0.2495
54326.51261	-0.2454
54326.51630	-0.2286
54326.51999	-0.2309
54326.52738	-0.2062
54326.53108	-0.1957
54326.53478	-0.2033
54326.53847	-0.1729
54326.54215	-0.1816
54326.54585	-0.1681
54326.54954	-0.1652
54326.55324	-0.1636
54326.55693	-0.1456
54326.56062	-0.1462
54326.56431	-0.1146
54326.56800	-0.1184
54326.57169	-0.1129
54326.57539	-0.1035
54326.57909	-0.0922
54326.58279	-0.0955
54326.58649	-0.0840
54326.59037	-0.0679
54326.59421	-0.0711
54326.59791	-0.0631
54326.60160	-0.0553
54326.60528	-0.0524
54326.60898	-0.0468
54326.61267	-0.0439
54327.28747	-0.4559
54327.29661	-0.4214
54327.30170	-0.4084
54327.30677	-0.3839
54327.31185	-0.3627
54327.31693	-0.3566
54327.32711	-0.3233
54327.33218	-0.2836
54327.34287	-0.2609
54327.34866	-0.2572
54327.35442	-0.2372
54327.36016	-0.2213
54327.36584	-0.2155
54327.37092	-0.1964
54327.37601	-0.1916
54327.38108	-0.1861
54327.38616	-0.1701
54327.39124	-0.1599
54327.39632	-0.1607
54327.40141	-0.1424
54327.40649	-0.1297
54327.41156	-0.1135
54327.41665	-0.1061
54327.42172	-0.0899
54327.42681	-0.0861
54327.43186	-0.0703
54327.43660	-0.0585
54327.44133	-0.0613
54327.44605	-0.0560
54327.45115	-0.0485
54327.45646	-0.0451
54327.46197	-0.0389
54327.46732	-0.0340
54327.47216	-0.0224
54327.47690	-0.0325
54327.48164	-0.0198
54327.48636	-0.0038
54327.49110	0.0063
54327.49582	0.0147
54327.50055	0.0176
54327.50528	0.0284
54327.51002	0.0439
54327.51475	0.0618
54327.51948	0.0784
54327.52421	0.0889
54327.52893	0.1037
54327.53366	0.1140
54327.53840	0.1214
54327.54312	0.1340
54327.54785	0.1305
54327.55258	0.1460
54327.55732	0.1555
54327.56205	0.1346
54327.56679	0.1314
54327.57151	0.1020
54327.57624	0.0841
54327.58098	0.0154
54327.58571	-0.0344
54327.59063	-0.1702
54327.59552	-0.2938
54327.60025	-0.4377
54327.60498	-0.5153
54327.60970	-0.6025
54327.61444	-0.7007
54327.61917	-0.7938
54328.29257	-0.0621
54328.29731	-0.0470
54328.30205	-0.0436
54328.30678	-0.0309
54328.31152	-0.0244
54328.31625	-0.0243
54328.32099	-0.0204
54328.32572	-0.0048
54328.33045	-0.0115
54328.33520	0.0067
54328.33993	0.0245
54328.34466	0.0335
54328.34935	0.0434
54329.29586	-0.7225
54329.30061	-0.7999
54329.30534	-0.8387
54329.31006	-0.8328
54329.31479	-0.8267
54329.31953	-0.8084
54329.32427	-0.7833
54329.32900	-0.7695
54329.33373	-0.7372
54329.33847	-0.7108
54329.34321	-0.6896
54329.34795	-0.6675
54329.35268	-0.6472
54329.35742	-0.6147
54329.36215	-0.5968
54329.36688	-0.5665
54329.37162	-0.5408
54329.37636	-0.5179
54329.38109	-0.5045
54329.38583	-0.4864
54329.39058	-0.4432
54329.39530	-0.4352
54329.40004	-0.4132
54329.40477	-0.4079
54329.40950	-0.3762
54329.41423	-0.3552
54329.41898	-0.3432
54329.42371	-0.3234
54329.42844	-0.3056
54329.43318	-0.2972
54329.43790	-0.2743
54329.44263	-0.2739
54329.44737	-0.2592
54329.45211	-0.2455
54329.45684	-0.2266
54329.46158	-0.2338
54329.46632	-0.2203
54329.47106	-0.2049
54329.47579	-0.1992
54329.48052	-0.1857
54329.48525	-0.1802
54329.48997	-0.1700
54329.49471	-0.1562
54329.49944	-0.1509
54329.50418	-0.1396
54329.50891	-0.1167
54329.51364	-0.1132
54329.51838	-0.0906
54329.52311	-0.0816
54329.52785	-0.0817
54329.53259	-0.0735
54329.53731	-0.0588
54329.54205	-0.0650
54329.54679	-0.0574
54329.55152	-0.0442
54329.55626	-0.0477
54329.56099	-0.0387
54329.56572	-0.0423
54329.57046	-0.0307
54329.57519	-0.0288
54329.57993	-0.0082
54329.58467	-0.0085
54329.58941	0.0044
54329.59452	0.0096
54329.59925	0.0200
54329.60399	0.0350
54329.60872	0.0552
54329.61346	0.0582
54329.61819	0.0827
54331.28865	0.0258
54331.29498	0.0688
54331.30180	0.0965
54331.30861	0.1047
54331.31543	0.1389
54331.34977	0.1427
54331.35675	0.1078
54331.36290	0.0406
54331.36867	-0.0604
54331.37408	-0.2024
54331.37951	-0.3644
54331.38497	-0.5074
54331.39075	-0.6148
54331.39684	-0.7680
54331.40297	-0.8206
54331.40963	-0.8677
54331.42326	-0.8154
54331.43516	-0.7419
54331.44206	-0.7095
54331.45435	-0.6347
54331.46116	-0.6043
54331.47478	-0.5295
54331.48160	-0.5074
54331.48842	-0.4710
54331.49520	-0.4382
54331.50163	-0.4098
54331.50775	-0.3950
54331.51388	-0.3646
54331.51999	-0.3432
54331.52608	-0.3267
54331.53183	-0.3002
54331.53725	-0.2789
54331.55518	-0.2406
54331.58306	-0.1808
54331.59674	-0.1466
54331.60349	-0.1394
54331.60958	-0.1002
54331.61535	-0.0931
54334.28932	0.1568
54334.29440	0.0974
54334.29947	0.0716
54334.30464	-0.0131
54334.31099	-0.1361
54334.31777	-0.3227
54334.32459	-0.5243
54334.33141	-0.6959
54334.33822	-0.8690
54334.34504	-0.8994
54334.35186	-0.8858
54334.36459	-0.7983
54334.37780	-0.7354
54334.38462	-0.6864
54334.39144	-0.6561
54334.39825	-0.6237
54334.40507	-0.5780
54334.41188	-0.5440
54334.41867	-0.5148
54334.42513	-0.4834
54334.43160	-0.4484
54334.43808	-0.4229
54334.44453	-0.3943
54334.45100	-0.3660
54334.45748	-0.3454
54334.46395	-0.3241
54334.47688	-0.2798
54334.48335	-0.2747
54334.48982	-0.2471
54334.50276	-0.2167
54334.50923	-0.2079
54334.53508	-0.1433
54334.58034	-0.0569
54334.58681	-0.0306
54334.59346	-0.0350
54334.59994	-0.0283
54334.60640	-0.0249
54334.61287	-0.0211
54334.61935	-0.0215
54336.30571	0.0044
54336.31149	0.0067
54337.28112	-0.8563
54337.28689	-0.8422
54337.29266	-0.8339
54337.29844	-0.8062
54337.30421	-0.7635
54337.30999	-0.7449
54337.31576	-0.7078
54337.32155	-0.6809
54337.32732	-0.6499
54337.33309	-0.6205
54337.33887	-0.5899
54337.34463	-0.5552
54337.35041	-0.5262
54337.36834	-0.4562
54337.37411	-0.4270
54338.39238	-0.0150
54338.39815	-0.0147
54338.40970	0.0076
54338.41546	0.0275
54338.42123	0.0441
54338.46148	0.1378
54338.46726	0.1334
54338.47304	0.1467
54338.47880	0.1382
54338.48459	0.1211
54338.49037	0.0943
54338.49614	0.0262
54338.50191	-0.0489
54338.50769	-0.1859
54338.51346	-0.3452
54338.51923	-0.4779
54338.52500	-0.5802
54338.53077	-0.7013
54338.53655	-0.8057
54338.54232	-0.8379
54338.54809	-0.8412
54338.55387	-0.8246
54338.55964	-0.7969
54338.56541	-0.7654
54338.57118	-0.7437
54338.57695	-0.7033
54338.58273	-0.6741
54338.58851	-0.6426
54338.59467	-0.6112
54338.60043	-0.5765
54338.60621	-0.5475
54338.61198	-0.5288
54338.61776	-0.4934
54338.62354	-0.4590
54338.62931	-0.4474
54339.27352	0.0626
54339.27948	0.0748
54339.28558	0.1024
54339.29135	0.1197
54339.29712	0.1239
54339.30290	0.1471
54339.30866	0.1469
54339.31445	0.1545
54339.32023	0.1285
54339.32600	0.1149
54339.33177	0.0880
54339.33754	0.0343
54339.34330	-0.0659
54339.34907	-0.2062
54339.35483	-0.3725
54339.36061	-0.4768
54339.36647	-0.5853
54339.37224	-0.7224
54339.37802	-0.8115
54339.38413	-0.8402
54339.38990	-0.8361
54339.39567	-0.8040
54339.40144	-0.7821
54339.40721	-0.7618
54339.41298	-0.7182
54339.41874	-0.7016
54339.42451	-0.6617
54339.43028	-0.6334
54339.43625	-0.6086
54339.44233	-0.5687
54339.44810	-0.5364
54339.45387	-0.5219
54339.45993	-0.4935
54339.46569	-0.4647
54339.47147	-0.4342
54339.47723	-0.4304
54339.48301	-0.3921
54339.48878	-0.3744
54339.49456	-0.3550
54339.50033	-0.3371
54339.50611	-0.3097
54339.51187	-0.3015
54339.51712	-0.2738
54339.52289	-0.2602
54339.52866	-0.2514
54339.53445	-0.2336
54339.54022	-0.2267
54339.54600	-0.2061
54339.55177	-0.2039
54339.55753	-0.1791
54339.56330	-0.1753
54339.56907	-0.1606
54339.57483	-0.1425
54339.58060	-0.1338
54339.58637	-0.1292
54339.59229	-0.1045
54339.59806	-0.0872
54339.60383	-0.0698
54339.61537	-0.0472
54339.62113	-0.0464
54339.62690	-0.0397
54340.28739	-0.5423
54340.29317	-0.5226
54340.29896	-0.4882
54340.30473	-0.4743
54340.31050	-0.4354
54340.31628	-0.4163
54340.32204	-0.3943
54340.32782	-0.3728
54340.33361	-0.3576
54340.33938	-0.3317
54340.34515	-0.3104
54340.35094	-0.2956
54340.35671	-0.2770
54340.36248	-0.2704
54340.36825	-0.2490
54340.37402	-0.2428
54340.37979	-0.2252
54340.38556	-0.2152
54340.39133	-0.2102
54340.39710	-0.1820
54340.40288	-0.1684
54340.40865	-0.1591
54340.41442	-0.1479
54340.43173	-0.0880
54340.43751	-0.0848
54340.44327	-0.0655
54340.56744	0.1583
54340.57322	0.1434
54340.57899	0.1448
54340.58476	0.1353
54340.59072	0.1048
54340.59666	0.0664
54340.60243	-0.0342
54340.60821	-0.1475
54340.61398	-0.3123
54340.61976	-0.4476
54341.27865	-0.0930
54341.28442	-0.0728
54341.29020	-0.0690
54341.29597	-0.0571
54341.30174	-0.0433
54341.30749	-0.0389
54341.31326	-0.0377
54341.31903	-0.0334
54341.32477	-0.0187
54341.33019	-0.0243
54341.34104	-0.0119
54341.34646	-0.0063
54341.35189	0.0031
54341.35732	0.0164
54341.36275	0.0386
54341.36815	0.0636
54341.37325	0.0761
54341.37833	0.0885
54341.38341	0.1127
54341.38850	0.1103
54341.39358	0.1130
54341.39867	0.1374
54341.40375	0.1397
54341.40883	0.1615
54341.41391	0.1498
54341.41899	0.1416
54341.42407	0.1339
54341.42915	0.1209
54341.43423	0.1113
54341.43932	0.0342
54341.44440	-0.0468
54344.31422	0.0786
54344.31931	0.0924
54344.32438	0.1189
54344.32946	0.1260
54344.33455	0.1475
54344.33965	0.1486
54344.34472	0.1597
54344.34980	0.1656
54344.35567	0.1667
54344.36179	0.1754
54344.36791	0.1560
54344.37402	0.1133
54344.37979	0.0359
54344.38556	-0.0862
54344.39134	-0.2355
54344.39712	-0.4221
54344.40286	-0.5618
54344.40829	-0.6998
54344.41371	-0.8249
54344.41914	-0.8899
54344.42457	-0.8960
54344.43000	-0.8707
54344.43543	-0.8464
54344.44086	-0.8204
54344.44629	-0.7853
54344.45173	-0.7481
54344.45719	-0.7151
54344.46296	-0.6928
54344.46873	-0.6565
54344.47450	-0.6233
54344.48027	-0.5866
54344.48605	-0.5610
54344.49183	-0.5285
54344.49759	-0.5003
54344.50337	-0.4759
54344.50915	-0.4473
54344.51493	-0.4213
54344.52070	-0.3879
54344.52648	-0.3719
54344.53225	-0.3478
54344.53803	-0.3327
54344.54381	-0.3089
54344.54958	-0.2893
54344.55536	-0.2693
54344.56115	-0.2626
54344.56692	-0.2375
54344.57269	-0.2309
54344.57847	-0.2166
54344.58424	-0.2020
54344.59020	-0.1866
54344.59615	-0.1723
54344.60193	-0.1615
54344.60770	-0.1420
54344.61349	-0.1377
54344.61928	-0.1228
54344.62505	-0.0994
54344.63082	-0.0876
54344.63659	-0.0744
54345.27367	-0.8577
54345.27945	-0.8358
54345.28522	-0.7931
54345.29099	-0.7552
54345.29676	-0.7202
54345.30254	-0.6924
54345.30832	-0.6440
54345.31409	-0.6252
54345.31987	-0.5866
54345.32564	-0.5606
54345.33141	-0.5323
54345.33719	-0.4995
54345.34296	-0.4722
54345.34874	-0.4334
54345.35452	-0.4213
54345.36030	-0.3907
54345.36604	-0.3701
54345.37147	-0.3466
54345.37690	-0.3311
54345.38234	-0.3060
54345.38777	-0.2973
54345.39320	-0.2741
54345.39863	-0.2660
54345.40406	-0.2489
54345.40949	-0.2318
54345.41493	-0.2225
54345.42035	-0.2126
54345.42578	-0.1961
54345.43121	-0.1973
54345.43665	-0.1767
54345.44207	-0.1735
54345.44750	-0.1583
54345.45293	-0.1426
54345.45837	-0.1366
54345.46380	-0.1199
54345.46924	-0.1030
54345.47467	-0.0833
54345.48010	-0.0732
54345.48554	-0.0611
54345.49097	-0.0477
54345.49640	-0.0435
54345.50183	-0.0391
54345.50725	-0.0423
54345.51267	-0.0369
54345.51810	-0.0285
54345.52353	-0.0278
54345.52896	-0.0268
54345.53439	-0.0198
54345.53983	-0.0104
54345.54526	0.0112
54345.55070	0.0121
54345.55613	0.0182
54345.56155	0.0371
54345.56698	0.0579
54345.57241	0.0752
54345.57785	0.0868
54345.58328	0.1071
54345.58871	0.1203
54345.59454	0.1373
54345.59997	0.1504
54345.60540	0.1485
54345.61083	0.1583
54345.61626	0.1680
54345.62169	0.1709
54345.62712	0.1370
54345.63255	0.1006
54345.63798	0.0542
54346.27062	-0.1856
54346.27571	-0.1731
54346.28079	-0.1649
54346.28586	-0.1541
54346.29094	-0.1404
54346.29601	-0.1378
54346.30110	-0.1199
54346.30619	-0.1018
54346.31126	-0.0933
54346.31635	-0.0762
54346.32144	-0.0681
54346.32660	-0.0640
54346.33168	-0.0512
54346.33677	-0.0429
54346.34185	-0.0400
54346.34692	-0.0352
54346.35200	-0.0341
54346.35707	-0.0308
54346.36216	-0.0320
54346.36725	-0.0162
54346.37234	-0.0119
54346.37742	-0.0123
54346.38251	0.0004
54346.38759	0.0086
54346.39267	0.0198
54346.39776	0.0348
54346.40284	0.0471
54346.40793	0.0627
54346.41301	0.0753
54346.41810	0.0873
54346.42318	0.1242
54346.42825	0.1234
54346.43334	0.1342
54346.43842	0.1436
54346.44351	0.1463
54346.45367	0.1571
54346.50061	-0.6121
54346.50569	-0.7232
54346.51077	-0.8013
54346.52093	-0.8782
54346.54632	-0.7656
54346.55141	-0.7409
54346.55648	-0.7003
54346.56157	-0.6897
54346.56665	-0.6668
54346.57173	-0.6253
54346.57682	-0.6052
54346.58191	-0.5685
54346.58699	-0.5448
54346.59225	-0.5020
54346.59733	-0.4901
54346.60749	-0.4443
54346.61257	-0.4117
54346.62272	-0.3801
54346.62782	-0.3361
54346.63290	-0.3464
54350.26554	-0.1970
54350.27061	-0.3415
54350.27570	-0.4612
54350.28078	-0.5410
54350.28585	-0.6511
54350.29093	-0.7629
54350.29600	-0.8211
54350.30108	-0.8352
54350.30615	-0.8312
54350.31123	-0.8139
54350.31632	-0.8000
54350.32139	-0.7675
54350.32646	-0.7396
54350.33662	-0.6912
54350.34169	-0.6573
54350.34677	-0.6061
54352.27640	0.0325
54352.28148	0.0494
54352.28656	0.0442
54352.29163	0.0846
54352.29672	0.0889
54352.30181	0.1284
54352.31264	0.1353
54352.31860	0.1266
54353.25111	-0.8565
54353.25793	-0.8327
54353.26475	-0.7909
54353.27156	-0.7413
54353.27838	-0.7002
54353.28518	-0.6638
54353.31048	-0.5339
54353.31695	-0.5069
54353.32406	-0.4559
54353.33053	-0.4274
54353.33701	-0.4086
54353.34347	-0.3830
54353.34994	-0.3587
54353.35640	-0.3340
54353.36287	-0.3091
54353.36934	-0.2906
54353.37581	-0.2737
54353.38229	-0.2624
54353.38877	-0.2351
54353.39523	-0.2286
54353.40171	-0.2105
54353.40818	-0.1907
54353.41466	-0.1804
54353.42112	-0.1590
54353.42759	-0.1442
54353.43454	-0.1275
54353.44101	-0.1120
54353.44749	-0.0870
54353.46043	-0.0631
54353.46689	-0.0523
54353.47336	-0.0464
54353.47982	-0.0378
54353.48629	-0.0440
54353.49276	-0.0307
54353.49928	-0.0292
54353.50575	-0.0301
54353.51222	-0.0160
54353.52516	0.0108
54353.53163	0.0279
54353.53810	0.0349
54353.54457	0.0597
54353.55104	0.0828
54353.55752	0.0898
54353.56398	0.1105
54353.57046	0.1242
54353.57693	0.1451
54353.58340	0.1564
54353.59006	0.1631
54353.59674	0.1624
54353.60321	0.1422
54353.60968	0.1080
54353.61615	0.0517
54353.62262	-0.0533
54353.62912	-0.2364
54353.63558	-0.4368
54353.64205	-0.5892
54355.25328	0.1492
54355.25975	0.1550
54355.26621	0.1567
54355.27317	0.1549
54355.27964	0.1518
54355.28611	0.1323
54355.29258	0.0858
54355.29905	-0.0091
54355.30551	-0.1754
54355.31198	-0.3876
54355.31846	-0.5643
54355.32492	-0.7352
54355.33139	-0.8554
54355.33785	-0.8971
54355.34433	-0.8908
54355.35079	-0.8598
54355.35727	-0.8202
54355.36374	-0.7775
54355.37020	-0.7448
54355.37666	-0.7007
54355.38313	-0.6710
54355.38959	-0.6272
54355.39605	-0.5942
54355.40252	-0.5580
54355.40899	-0.5266
54355.41547	-0.4985
54355.42194	-0.4536
54355.42843	-0.4341
54355.43490	-0.4032
54355.44136	-0.3793
54355.44784	-0.3512
54355.45430	-0.3191
54355.46077	-0.3160
54355.47894	-0.2584
54355.48542	-0.2401
54355.49834	-0.2139
54355.50480	-0.1986
54355.51622	-0.1721
54355.52269	-0.1712
54355.52916	-0.1449
54355.53563	-0.1247
54355.54209	-0.1152
54355.54857	-0.0910
54355.55505	-0.0800
54355.56153	-0.0541
54355.60844	-0.0088
54355.61490	0.0114
54355.62137	0.0009
54355.62783	0.0197
54355.63430	0.0284
54356.25346	-0.5092
54356.25854	-0.4799
54356.26361	-0.4535
54356.26869	-0.4203
54356.27378	-0.4003
54356.27885	-0.3793
54356.28392	-0.3698
54356.28901	-0.3474
54356.29410	-0.3288
54356.29919	-0.3132
54356.30427	-0.2930
54356.30934	-0.2806
54356.31442	-0.2693
54356.31949	-0.2639
54356.32457	-0.2460
54356.32965	-0.2293
54356.33474	-0.2157
54356.33983	-0.2063
54356.34491	-0.1996
54356.34999	-0.1828
54356.35508	-0.1736
54356.36015	-0.1685
54356.36524	-0.1520
54356.37032	-0.1457
54356.38047	-0.1190
54356.38556	-0.1008
54356.39064	-0.0835
54356.39572	-0.0707
54356.40079	-0.0563
54356.40586	-0.0592
54356.41093	-0.0521
54356.41602	-0.0347
54356.42110	-0.0420
54356.42618	-0.0279
54356.43179	-0.0389
54356.43755	-0.0281
54356.44332	-0.0286
54356.44910	-0.0192
54356.45488	-0.0088
54356.46065	0.0044
54356.46643	0.0188
54356.47221	0.0232
54356.47798	0.0389
54356.48375	0.0598
54356.48953	0.0814
54356.49530	0.0940
54356.50106	0.1110
54356.50685	0.1318
54356.51261	0.1370
54356.51839	0.1519
54356.52416	0.1666
54356.52994	0.1588
54356.53573	0.1529
54356.54150	0.1387
54356.54728	0.1167
54356.55305	0.0539
54356.55883	-0.0463
54356.56461	-0.2164
54356.57038	-0.3968
54356.57615	-0.5422
54356.58193	-0.6712
54356.58771	-0.8024
54356.59385	-0.8691
54356.59962	-0.8745
54356.60539	-0.8643
54356.61117	-0.8324
54356.61693	-0.8029
54356.62271	-0.7627
54356.62848	-0.7272
54356.63433	-0.6960
54357.25459	-0.0463
54357.26106	-0.0532
54357.26753	-0.0427
54357.27399	-0.0412
54357.28047	-0.0329
54357.28695	-0.0300
54357.29343	-0.0200
54357.29989	-0.0042
54357.30635	0.0154
54357.31282	0.0293
54357.31929	0.0456
54357.32575	0.0640
54357.33222	0.0862
54357.33868	0.1053
54357.34515	0.1109
54357.35158	0.1390
54357.35770	0.1474
54357.36381	0.1551
54357.36994	0.1555
54357.37607	0.1446
54357.38219	0.1279
54357.38849	0.0975
54357.39463	0.0052
54357.40074	-0.1428
54357.40687	-0.3164
54357.41298	-0.5055
54357.41910	-0.6137
54357.42522	-0.7564
54357.43134	-0.8496
54357.43746	-0.8721
54357.44360	-0.8603
54357.44971	-0.8253
54357.45584	-0.8028
54357.46197	-0.7559
54357.46809	-0.7315
54357.47423	-0.6928
54357.48035	-0.6606
54357.48646	-0.6278
54357.49258	-0.6053
54357.49870	-0.5601
54357.50482	-0.5294
54357.51113	-0.5039
54357.51752	-0.4628
54357.52365	-0.4401
54357.52977	-0.4200
54358.25151	-0.4653
54358.25786	-0.5907
54358.26395	-0.7238
54358.26973	-0.8236
54358.27551	-0.8624
54358.28066	-0.8557
54358.28539	-0.8342
54358.29014	-0.8132
54358.29487	-0.7906
54358.29960	-0.7721
54358.30432	-0.7402
54358.30909	-0.7017
54358.31417	-0.6896
54358.31923	-0.6520
54358.32413	-0.6307
54358.32903	-0.6097
54358.33392	-0.5782
54358.33865	-0.5525
54358.34339	-0.5263
54358.34812	-0.5118
54358.35283	-0.4955
54358.35738	-0.4704
54358.36177	-0.4482
54358.36617	-0.4294
54358.37054	-0.4148
54358.37492	-0.3915
54358.37930	-0.3715
54358.38369	-0.3586
54358.38808	-0.3411
54358.39246	-0.3218
54358.39684	-0.3078
54358.40121	-0.3042
54358.40543	-0.2945
54358.40963	-0.2695
54358.41386	-0.2525
54358.41806	-0.2534
54358.42227	-0.2482
54358.42648	-0.2295
54358.43068	-0.2200
54358.43490	-0.2210
54358.43911	-0.2100
54358.44333	-0.2003
54358.44754	-0.1972
54358.45176	-0.1882
54359.25185	-0.2640
54359.25694	-0.2534
54359.26201	-0.2429
54359.26708	-0.2337
54359.27216	-0.2227
54359.27724	-0.2083
54359.28232	-0.2007
54359.28741	-0.1923
54359.29248	-0.1883
54359.29755	-0.1694
54359.30263	-0.1615
54359.30771	-0.1496
54359.31279	-0.1397
54359.31787	-0.1251
54359.32295	-0.1150
54359.32804	-0.0992
54359.33312	-0.0887
54359.33820	-0.0751
54359.34328	-0.0641
54359.34836	-0.0643
54359.35344	-0.0566
54359.35853	-0.0523
54359.36361	-0.0443
54359.36869	-0.0381
54359.37378	-0.0384
54359.37885	-0.0320
54359.38393	-0.0357
54359.38901	-0.0290
54359.39409	-0.0176
54359.39917	-0.0107
54359.40426	0.0074
54359.40933	0.0183
54359.41442	0.0367
54359.41950	0.0387
54359.42458	0.0586
54359.42967	0.0809
54359.43475	0.0872
54359.43983	0.1068
54359.44491	0.1166
54359.44998	0.1267
54359.45507	0.1360
54359.46014	0.1306
54359.46523	0.1347
54359.47031	0.1461
54359.47540	0.1363
54359.48047	0.1120
54359.48556	0.0815
54359.49065	0.0213
54359.49573	-0.0659
54359.50080	-0.1831
54359.50589	-0.3235
54359.51097	-0.4571
54359.51605	-0.5339
54359.52114	-0.6539
54359.52621	-0.7583
54359.53130	-0.8252
54359.53639	-0.8391
54359.54147	-0.8412
54359.54656	-0.8210
54359.55164	-0.7980
54359.55672	-0.7640
54359.56179	-0.7436
54359.56687	-0.7186
54359.57196	-0.6897
54359.57703	-0.6610
54359.58211	-0.6386
54359.58719	-0.6172
54359.59264	-0.5867
54359.59772	-0.5581
54359.60280	-0.5397
54359.60789	-0.4911
54359.61297	-0.4943
54359.61804	-0.4564
54359.62312	-0.4443
54359.62820	-0.4267
54360.25136	0.0287
54360.25651	0.0415
54360.26228	0.0591
54360.26807	0.0737
54360.27384	0.0931
54360.27963	0.1095
54360.28540	0.1246
54360.29118	0.1333
54360.29698	0.1411
54360.30275	0.1389
54360.30848	0.1338
54360.31392	0.1344
54360.31935	0.1199
54360.32476	0.0913
54360.32984	0.0320
54360.33493	-0.0471
54360.34002	-0.1646
54360.34510	-0.2960
54360.35018	-0.4327
54360.35527	-0.5097
54360.36035	-0.6121
54360.36517	-0.7128
54360.36991	-0.8041
54360.37461	-0.8398
54360.37899	-0.8433
54360.38340	-0.8387
54360.38780	-0.8197
54360.39219	-0.7977
54360.39658	-0.7754
54360.40097	-0.7562
54360.40536	-0.7260
54360.40975	-0.7031
54360.41414	-0.6849
54360.41852	-0.6598
54360.42290	-0.6350
54360.42727	-0.6200
54360.43149	-0.5935
54360.43571	-0.5671
54360.43994	-0.5482
54360.44417	-0.5424
54360.44838	-0.5068
54360.45260	-0.4843
54360.45683	-0.4660
54360.46104	-0.4529
54363.24007	0.1510
54363.24497	0.1526
54363.25004	0.1573
54363.25512	0.1439
54363.26020	0.1301
54363.26528	0.1206
54363.27038	0.0738
54363.27546	0.0099
54363.28055	-0.1189
54363.28564	-0.2523
54363.29072	-0.4067
54363.29581	-0.5148
54363.30091	-0.6377
54363.30600	-0.7627
54363.31109	-0.8569
54363.31618	-0.8857
54363.32127	-0.8724
54363.32635	-0.8621
54363.33144	-0.8285
54363.33653	-0.8065
54363.34162	-0.7737
54363.34671	-0.7475
54363.35179	-0.7161
54363.35688	-0.6938
54363.36197	-0.6588
54363.36706	-0.6344
54363.37214	-0.6093
54363.37722	-0.5735
54363.38230	-0.5563
54363.38738	-0.5276
54363.39247	-0.5087
54363.39757	-0.4811
54363.40265	-0.4592
54363.40773	-0.4393
54363.41281	-0.4119
54363.41789	-0.3920
54363.42298	-0.3709
54363.42806	-0.3545
54363.43315	-0.3359
54363.43824	-0.3119
54363.44331	-0.3033
54363.44838	-0.2863
54363.45347	-0.2685
54363.45854	-0.2547
54363.46362	-0.2493
54363.54186	-0.0519
54364.23857	-0.4726
54364.24365	-0.4516
54364.25508	-0.4064
54364.26015	-0.3842
54364.26522	-0.3678
54364.27029	-0.3529
54364.27537	-0.3265
54364.28045	-0.3165
54364.28552	-0.2971
54364.29059	-0.2834
54364.29567	-0.2579
54364.30074	-0.2511
54364.30582	-0.2437
54364.31090	-0.2235
54364.31597	-0.2239
54364.32104	-0.2041
54364.32612	-0.1917
54364.33119	-0.1766
54364.33628	-0.1685
54364.34136	-0.1644
54364.34643	-0.1393
54364.35147	-0.1301
54364.35621	-0.1159
54364.36094	-0.1073
54364.36567	-0.0813
54364.37039	-0.0722
54364.37512	-0.0666
54364.37984	-0.0709
54364.38458	-0.0492
54364.38930	-0.0324
54364.39403	-0.0331
54364.39877	-0.0329
54364.40350	-0.0359
54364.40825	-0.0274
54364.41298	-0.0282
54364.41772	-0.0229
54364.42245	-0.0207
54364.42718	-0.0026
54364.43192	0.0006
54364.43666	0.0007
54364.44140	0.0145
54364.44613	0.0293
54364.45087	0.0355
54364.45561	0.0514
54364.46034	0.0469
54364.46519	0.0687
54364.46992	0.0806
54364.47465	0.1053
54364.47939	0.1131
54364.48413	0.1247
54364.48885	0.1386
54364.49358	0.1443
54364.49831	0.1527
54364.50303	0.1530
54364.50775	0.1487
54364.51248	0.1561
54364.51721	0.1662
54364.52194	0.1506
54364.52667	0.1205
54364.53140	0.0828
54364.53613	-0.0048
54364.54086	-0.1070
54364.54558	-0.2502
54364.55031	-0.3910
54364.55504	-0.5209
54364.55977	-0.6242
54364.56450	-0.7507
54364.56923	-0.8483
54364.57396	-0.8874
54364.57869	-0.8970
54364.58342	-0.8748
54364.58814	-0.8594
54364.59339	-0.8281
54364.59811	-0.8000
54364.60284	-0.7567
54364.60757	-0.7394
54364.61230	-0.7180
54365.24365	-0.0376
54365.24874	-0.0305
54365.25380	-0.0188
54365.25889	-0.0204
54365.26397	-0.0186
54365.26906	-0.0181
54365.27413	-0.0018
54365.27921	0.0072
54365.28429	0.0174
54365.28938	0.0403
54365.29446	0.0535
54365.29954	0.0556
54365.30461	0.0667
54365.30969	0.0918
54365.31477	0.0961
54365.31985	0.1166
54365.32492	0.1367
54365.33000	0.1361
54365.33509	0.1567
54365.34018	0.1520
54365.34526	0.1600
54365.35034	0.1666
54365.35542	0.1539
54365.36050	0.1432
54365.36557	0.1244
54365.37064	0.0768
54365.37572	0.0066
54365.38080	-0.1178
54365.38588	-0.2821
54365.39098	-0.4454
54365.39606	-0.5677
54365.40114	-0.6937
54365.40622	-0.8198
54365.41130	-0.8873
54365.41639	-0.8966
54365.42148	-0.8867
54365.42656	-0.8670
54365.43165	-0.8438
54365.43673	-0.8141
54365.44182	-0.7709
54365.44690	-0.7474
54365.45197	-0.7175
54365.45704	-0.6854
54366.24171	-0.7360
54366.24678	-0.8410
54366.25186	-0.8935
54366.25696	-0.8981
54366.26204	-0.8822
54366.26712	-0.8530
54366.27220	-0.8166
54366.27728	-0.7990
54366.28235	-0.7764
54366.28742	-0.7432
54366.29250	-0.7096
54366.29757	-0.6756
54366.30264	-0.6541
54366.30773	-0.6190
54366.31281	-0.5929
54366.31789	-0.5668
54366.32297	-0.5342
54366.32804	-0.5041
54366.33312	-0.4874
54366.33819	-0.4717
54366.34326	-0.4324
54366.34833	-0.4123
54366.35341	-0.3959
54366.35849	-0.3719
54366.36356	-0.3564
54366.36863	-0.3317
54366.37371	-0.3058
54366.37879	-0.3055
54366.38386	-0.2843
54366.38894	-0.2711
54366.39403	-0.2534
54366.39911	-0.2513
54366.40420	-0.2174
54366.40928	-0.2018
54366.41438	-0.2013
54366.41949	-0.1919
54366.42456	-0.1856
54366.42965	-0.1777
54366.43473	-0.1591
54366.43982	-0.1562
54366.44489	-0.1451
54366.44997	-0.1276
54366.45504	-0.1162
54366.46011	-0.1120
54367.24280	-0.2268
54367.24788	-0.2214
54367.25295	-0.2111
54367.25805	-0.2068
54367.26313	-0.1862
54367.26823	-0.1783
54367.27333	-0.1584
54367.27842	-0.1696
54367.28350	-0.1494
54367.28858	-0.1342
54367.29367	-0.1172
54367.29875	-0.0907
54367.30383	-0.0893
54367.30891	-0.0842
54367.31400	-0.0677
54367.31911	-0.0575
54367.32419	-0.0572
54367.32927	-0.0331
54367.33435	-0.0278
54367.33943	-0.0352
54367.34452	-0.0262
54367.34960	-0.0270
54367.35469	-0.0221
54367.35974	-0.0218
54367.36448	-0.0227
54367.36923	-0.0194
54367.37398	0.0077
54367.37872	0.0041
54367.38345	0.0156
54367.38819	0.0356
54367.39293	0.0427
54367.39764	0.0367
54367.40204	0.0621
54367.40643	0.0777
54367.41082	0.0853
54367.41520	0.1081
54367.41959	0.1212
54367.42398	0.1273
54367.42837	0.1354
54367.43276	0.1461
54367.43716	0.1584
54367.44156	0.1529
54367.44595	0.1633
54367.45034	0.1599
54367.45474	0.1437
54367.45913	0.1364
54367.46351	0.1120
54367.48983	-0.4719
54367.49422	-0.5742
54367.49865	-0.6692
54367.50337	-0.7878
54367.50775	-0.8447
54367.51215	-0.8815
54367.51654	-0.8962
54367.52094	-0.8585
54367.52533	-0.8400
54367.52973	-0.8065
54367.53412	-0.7997
54367.53850	-0.7831
54367.54292	-0.7685
54367.54766	-0.7230
54367.55240	-0.6957
54367.55741	-0.6618
54367.56249	-0.6356
54367.56757	-0.6066
54367.57265	-0.5680
54367.57781	-0.5438
54367.58361	-0.5189
54367.59001	-0.4881
54367.59648	-0.4586
54367.60277	-0.4261
54375.26001	-0.1321
54375.26630	-0.1374
54375.27260	-0.1075
54375.27873	-0.0873
54375.28347	-0.0757
54375.28819	-0.0583
54375.29293	-0.0378
54375.29768	-0.0501
54375.30244	-0.0373
54375.30718	-0.0415
54375.31192	-0.0311
54375.31666	-0.0495
54375.32139	-0.0214
54375.33086	-0.0360
54375.33567	-0.0223
54375.34110	0.0001
54375.34654	-0.0074
54375.35197	0.0076
54375.35740	0.0065
54375.36283	0.0205
54375.36828	0.0408
54375.37406	0.0504
54375.37984	0.0668
54375.38562	0.0781
54375.39139	0.1175
54375.39717	0.1195
54375.40295	0.1453
54375.40874	0.1340
54375.41452	0.1578
54375.42607	0.1704
54375.43192	0.1609
54375.43843	0.1461
54375.44524	0.1011
54375.45198	0.0121
54375.45793	-0.1158
54375.46388	-0.3001
54375.46984	-0.4855
54375.47580	-0.6327
54375.48170	-0.7874
54375.48713	-0.8843
54375.49195	-0.9006
54375.49668	-0.8912
54375.50141	-0.8646
54375.50614	-0.8480
54375.51088	-0.8246
54375.51623	-0.7752
54375.52166	-0.7529
54375.52710	-0.7204
54375.53254	-0.6955
54375.53796	-0.6561
54376.22487	0.0849
54376.22995	0.0977
54376.23503	0.0940
54376.24030	0.1253
54376.25393	0.1583
54376.26074	0.1619
54376.26756	0.1697
54376.27438	0.1493
54376.28116	0.1192
54376.28763	0.0572
54376.29405	-0.0528
54376.30018	-0.2092
54376.30631	-0.4173
54376.31244	-0.5688
54376.31850	-0.7262
54376.32393	-0.8377
54376.32929	-0.8953
54376.33399	-0.8988
54376.33840	-0.8915
54376.34278	-0.8577
54376.34716	-0.8297
54376.35155	-0.8223
54376.35593	-0.7917
54376.36031	-0.7681
54376.36472	-0.7381
54376.36911	-0.7146
54376.37332	-0.6834
54376.37754	-0.6727
54376.38176	-0.6395
54376.38598	-0.6296
54376.39021	-0.5970
54376.39442	-0.5639
54376.39861	-0.5471
54376.40265	-0.5273
54376.40667	-0.5047
54376.41053	-0.4920
54376.41440	-0.4745
54376.41827	-0.4395
54376.42213	-0.4270
54376.42600	-0.4084
54376.42988	-0.3991
54376.46857	-0.2719
54376.47531	-0.2572
54376.48137	-0.2403
54376.48680	-0.2261
54376.49223	-0.2050
54376.49767	-0.1777
54376.50310	-0.2091
54376.52182	-0.1529
54376.53152	-0.1189
54376.53827	-0.0961
54376.54476	-0.0808
54377.24452	-0.5085
54377.24959	-0.4877
54377.25468	-0.4584
54377.25978	-0.4433
54377.26486	-0.4120
54377.26993	-0.3864
54377.27501	-0.3619
54377.28008	-0.3585
54377.28516	-0.3334
54377.29024	-0.3163
54377.29532	-0.2932
54377.30041	-0.2837
54377.30550	-0.2662
54377.31059	-0.2589
54377.31567	-0.2363
54377.32077	-0.2261
54377.32585	-0.2305
54377.33094	-0.2063
54377.33595	-0.2001
54377.34034	-0.1889
54377.34474	-0.1849
54377.34912	-0.1749
54377.35384	-0.1577
54377.35902	-0.1500
54377.36379	-0.1395
54377.36889	-0.1216
54377.37351	-0.1162
54377.37815	-0.0986
54377.38278	-0.0940
54377.38740	-0.0700
54377.39202	-0.0659
54377.39665	-0.0507
54377.40127	-0.0472
54377.40589	-0.0375
54377.41051	-0.0434
54377.41513	-0.0345
54377.41975	-0.0376
54377.42435	-0.0277
54377.42881	-0.0243
54377.43772	-0.0223
54379.32460	-0.5927
54379.32968	-0.5648
54379.33476	-0.5375
54379.34001	-0.5097
54379.34684	-0.4858
54379.35365	-0.4554
54379.36047	-0.4214
54379.36729	-0.4081
54379.40140	-0.2676
54381.23087	-0.0044
54381.23595	0.0054
54381.24102	0.0255
54381.24611	0.0244
54381.25118	0.0404
54381.25627	0.0705
54381.26135	0.0741
54381.26643	0.1005
54381.27151	0.0981
54381.27660	0.1289
54381.28168	0.1325
54381.28678	0.1484
54381.29188	0.1477
54381.29698	0.1450
54381.30207	0.1365
54381.30715	0.1339
54381.31223	0.1260
54381.31731	0.1002
54381.32239	0.0447
54381.32747	-0.0328
54381.33256	-0.1486
54381.33765	-0.2752
54381.34273	-0.4141
54381.34782	-0.5057
54381.35291	-0.5968
54381.35800	-0.7184
54381.36309	-0.8001
54381.36817	-0.8329
54381.37324	-0.8352
54381.37834	-0.8177
54381.38343	-0.7949
54381.38852	-0.7797
54381.39363	-0.7504
54381.39872	-0.7319
54381.40382	-0.7044
54381.40890	-0.6733
54381.41400	-0.6445
54381.41907	-0.6179
54381.42417	-0.5946
54381.42925	-0.5757
54381.43434	-0.5401
54381.43943	-0.5241
54381.44450	-0.4965
54381.44959	-0.4685
54381.45466	-0.4489
54381.45968	-0.4295
54381.46408	-0.4170
54381.46848	-0.3951
54381.47287	-0.3784
54381.47727	-0.3608
54381.48165	-0.3397
54381.48604	-0.3381
54382.21694	-0.8335
54382.22168	-0.8259
54382.22642	-0.7893
54382.23112	-0.7699
54382.23548	-0.7564
54382.23952	-0.7267
54382.24357	-0.6975
54382.24761	-0.6851
54382.25165	-0.6615
54382.25568	-0.6402
54382.25955	-0.6310
54382.26343	-0.6074
54382.26730	-0.5775
54382.27117	-0.5639
54382.27504	-0.5428
54382.27891	-0.5265
54382.28261	-0.5103
54382.28631	-0.4903
54382.29000	-0.4718
54382.29370	-0.4599
54382.29739	-0.4494
54382.30110	-0.4288
54382.30479	-0.4157
54382.30849	-0.3992
54382.31218	-0.3707
54382.31585	-0.3627
54382.31920	-0.3517
54382.32254	-0.3472
54382.32572	-0.3358
54382.32889	-0.3282
54382.33207	-0.3226
54382.33542	-0.3039
54382.33877	-0.2931
54382.34212	-0.2795
54382.34547	-0.2832
54382.34886	-0.2558
54382.35278	-0.2414
54382.35648	-0.2521
54382.36017	-0.2442
54382.36387	-0.2391
54382.36754	-0.2090
54382.37106	-0.2014
54382.37459	-0.2178
54382.37824	-0.1974
54382.39464	-0.1634
54382.40051	-0.1722
54382.40733	-0.1474
54382.41414	-0.1147
54382.41999	-0.1021
54382.42511	-0.0902
54382.42986	-0.0883
54382.43460	-0.0643
54382.43933	-0.0673
54382.44404	-0.0636
54382.44840	-0.0569
54382.45244	-0.0535
54382.45649	-0.0441
54382.46053	-0.0439
54382.46458	-0.0312
54382.46862	-0.0455
54382.47267	-0.0401
54382.47676	-0.0308
54382.51802	0.0731
54385.21006	-0.5826
54385.21514	-0.5603
54385.22021	-0.5269
54385.22530	-0.5066
54385.23039	-0.4779
54385.23553	-0.4559
54385.24060	-0.4360
54385.24568	-0.4155
54385.25075	-0.3839
54385.25584	-0.3777
54385.26093	-0.3525
54385.26602	-0.3311
54385.27111	-0.3118
54385.27619	-0.3087
54385.28128	-0.2828
54385.28694	-0.2705
54385.29221	-0.2511
54385.29729	-0.2447
54385.30237	-0.2318
54385.30745	-0.2173
54385.31253	-0.2087
54385.31761	-0.1930
54385.32270	-0.1802
54385.32779	-0.1722
54385.33287	-0.1546
54385.33796	-0.1397
54385.34304	-0.1254
54385.34812	-0.1237
54385.35319	-0.0899
54385.35828	-0.0945
54385.36335	-0.0872
54385.36854	-0.0591
54385.37897	-0.0430
54385.38405	-0.0300
54385.38914	-0.0442
54385.39422	-0.0273
54385.39930	-0.0303
54385.40438	-0.0311
54385.40948	-0.0281
54385.41457	-0.0143
54385.41966	-0.0115
54385.42473	-0.0036
54385.42982	-0.0016
54385.43491	0.0136
54385.44000	0.0323
54385.44508	0.0278
54385.45016	0.0573
54385.45525	0.0730
54385.46033	0.0678
54385.46541	0.0927
54385.47048	0.0941
54385.47558	0.1253
54386.30412	0.1032
54386.31000	0.1165
54386.31613	0.1377
54386.32225	0.1360
54386.32889	0.1423
54386.35616	0.1609
54386.36297	0.0811
54386.37661	-0.1933
54386.38343	-0.4172
54387.21359	-0.1382
54387.21972	-0.3313
54387.22585	-0.5121
54387.23198	-0.6485
54387.23810	-0.8060
54387.24423	-0.8852
54387.25036	-0.8940
54387.25649	-0.8716
54387.26261	-0.8431
54387.26873	-0.8030
54387.27484	-0.7630
54387.28096	-0.7328
54387.28709	-0.6963
54387.29322	-0.6641
54387.29935	-0.6246
54387.30548	-0.5923
54387.31160	-0.5610
54387.31772	-0.5306
54387.32390	-0.4939
54387.33072	-0.4646
54387.33753	-0.4314
54387.34434	-0.4096
54387.35116	-0.3694
54387.35798	-0.3434
54387.36479	-0.3256
54387.37162	-0.3057
54387.37844	-0.2769
54387.38525	-0.2563
54387.39206	-0.2407
54387.39887	-0.2274
54387.40568	-0.2147
54387.41250	-0.1943
54387.41933	-0.1825
54387.42615	-0.1697
54387.43298	-0.1487
54387.43979	-0.1335
54387.44661	-0.1147
54387.45342	-0.0984
54387.46023	-0.0834
54387.46704	-0.0558
54387.47386	-0.0486
54387.48067	-0.0398
54387.48747	-0.0307
54387.49429	-0.0291
54387.50111	-0.0284
54387.50793	-0.0166
54387.51475	-0.0161
54388.20356	-0.3302
54388.21038	-0.3033
54388.21719	-0.2779
54388.22400	-0.2623
54388.23083	-0.2509
54388.23711	-0.2265
54388.24323	-0.2205
54388.24935	-0.2054
54388.25547	-0.1892
54388.26168	-0.1741
54388.26855	-0.1683
54388.27477	-0.1521
54388.28091	-0.1353
54388.28704	-0.1236
54388.29315	-0.1048
54388.29927	-0.0825
54388.30538	-0.0675
54388.31150	-0.0506
54388.31761	-0.0432
54388.32373	-0.0362
54388.32984	-0.0375
54388.33597	-0.0322
54388.34209	-0.0283
54388.34821	-0.0309
54388.35432	-0.0239
54388.36044	-0.0149
54388.36656	-0.0110
54388.37267	0.0136
54388.37879	0.0277
54388.38492	0.0345
54388.39103	0.0573
54388.39716	0.0729
54388.40329	0.0894
54388.40938	0.1074
54388.41516	0.1227
54388.42094	0.1489
54388.42671	0.1541
54388.43249	0.1614
54388.43827	0.1616
54388.44405	0.1548
54388.44984	0.1444
54388.45564	0.1205
54388.46142	0.0666
54388.46722	-0.0305
54388.47300	-0.1825
54388.47878	-0.3740
54388.48458	-0.5247
54388.49035	-0.6451
54388.49612	-0.7814
54388.50192	-0.8570
54388.50769	-0.8795
54388.51348	-0.8594
54388.51927	-0.8449
54388.52505	-0.8003
54389.20641	-0.0122
54389.21218	-0.0016
54389.21795	0.0153
54389.22366	0.0342
54389.22874	0.0446
54389.23376	0.0612
54389.23815	0.0838
54389.24254	0.0831
54389.24693	0.0920
54389.25131	0.1040
54389.25570	0.1278
54389.26008	0.1253
54389.26848	0.1469
54389.27252	0.1419
54389.27657	0.1567
54389.28062	0.1529
54389.28469	0.1502
54389.28910	0.1459
54389.29350	0.1109
54389.29791	0.0754
54389.30228	0.0230
54389.30632	-0.0373
54389.31036	-0.1280
54389.31440	-0.2640
54389.31844	-0.3805
54389.32249	-0.4948
54389.32653	-0.5657
54389.33053	-0.6467
54389.33424	-0.7397
54389.33793	-0.8063
54389.34162	-0.8406
54389.34532	-0.8652
54389.34902	-0.8589
54389.35272	-0.8527
54389.35641	-0.8355
54389.36011	-0.8176
54389.36379	-0.7984
54389.36749	-0.7878
54389.37118	-0.7522
54389.37487	-0.7375
54389.37857	-0.7164
54389.38225	-0.7013
54389.38595	-0.6779
54389.38964	-0.6615
54389.39333	-0.6390
54389.39703	-0.6238
54389.40073	-0.5970
54389.40439	-0.5802
54389.40776	-0.5616
54389.41128	-0.5449
54389.41481	-0.5379
54389.41831	-0.5073
54389.42166	-0.5028
54389.42501	-0.4755
54389.42835	-0.4686
54389.43170	-0.4404
54389.43505	-0.4350
54389.43840	-0.4121
54389.44175	-0.4068
54389.44510	-0.3899
54389.44845	-0.3810
54389.45180	-0.3648
54389.45515	-0.3449
54389.45850	-0.3492
54389.46185	-0.3210
54389.46520	-0.3180
54389.46855	-0.3012
54389.47189	-0.2955
54389.47524	-0.2842
54389.47859	-0.2813
54389.48194	-0.2696
54389.48529	-0.2553
54389.48863	-0.2392
54389.49202	-0.2388
54389.49598	-0.2294
54389.50003	-0.2145
54389.50407	-0.2173
54389.50812	-0.1975
54389.51217	-0.1972
54389.51621	-0.1773
54389.52025	-0.1696
54389.52428	-0.1663
54390.20997	-0.7566
54390.21506	-0.7361
54390.22014	-0.7120
54390.22522	-0.6724
54390.23031	-0.6590
54390.23541	-0.6184
54390.24048	-0.5923
54390.24556	-0.5701
54390.25063	-0.5456
54390.25536	-0.5171
54390.26010	-0.5041
54390.26483	-0.4840
54390.26957	-0.4579
54390.27430	-0.4384
54390.27903	-0.4172
54390.28377	-0.3923
54390.28850	-0.3768
54390.29322	-0.3610
54390.29760	-0.3435
54390.30199	-0.3224
54390.30638	-0.3060
54390.31076	-0.2968
54390.31515	-0.2927
54390.31953	-0.2792
54390.32391	-0.2562
54390.32831	-0.2454
54390.33269	-0.2374
54390.33708	-0.2311
54390.34147	-0.2161
54390.34587	-0.2120
54390.35026	-0.1981
54390.35466	-0.1893
54390.35905	-0.1867
54390.36343	-0.1759
54390.36782	-0.1692
54390.37222	-0.1577
54390.37660	-0.1470
54390.38101	-0.1320
54390.38541	-0.1302
54390.38979	-0.1175
54390.39418	-0.1051
54390.39857	-0.1007
54390.40297	-0.0945
54390.40735	-0.0722
54390.41157	-0.0585
54390.41579	-0.0607
54390.42001	-0.0547
54390.42424	-0.0563
54391.20849	-0.171
54391.21311	-0.1543
54391.21894	-0.1428
54391.22535	-0.1307
54391.23178	-0.1092
54391.23793	-0.0954
54391.24368	-0.0811
54391.24913	-0.0657
54391.25451	-0.0565
54391.26556	-0.0505
54391.27064	-0.0481
54391.27574	-0.0428
54391.28084	-0.0543
54391.28592	-0.0369
54391.29100	-0.0323
54391.29608	-0.0293
54391.30116	-0.0245
54391.30623	-0.0070
54391.31132	0.0009
54391.31639	0.0080
54391.32147	0.0180
54391.32655	0.0433
54391.33165	0.0645
54391.33673	0.0705
54391.34182	0.0890
54391.34690	0.1012
54391.35198	0.1165
54391.35705	0.1296
54391.36206	0.1321
54391.36646	0.1253
54391.37084	0.1469
54391.37522	0.1398
54391.37961	0.1470
54391.38399	0.1347
54391.38841	0.1123
54391.39279	0.0955
54391.39717	0.0655
54391.40156	0.0087
54391.40596	-0.0702
54391.41072	-0.1944
54391.41515	-0.3079
54391.41955	-0.4326
54391.42395	-0.4987
54391.42835	-0.5755
54391.43273	-0.6833
54391.43713	-0.7513
54391.44152	-0.8153
54391.44590	-0.8329
54391.45029	-0.8282
54391.45468	-0.8340
54391.45907	-0.8069
54393.20597	-0.4825
54393.21069	-0.4598
54393.21543	-0.4369
54393.22047	-0.4181
54393.22556	-0.3949
54393.23063	-0.3789
54393.23573	-0.3686
54393.24082	-0.3504
54393.24591	-0.3245
54393.25100	-0.3123
54393.25609	-0.2930
54393.26117	-0.2789
54393.26625	-0.2688
54393.27134	-0.2429
54393.27642	-0.2346
54393.28150	-0.2306
54393.28658	-0.2207
54393.29167	-0.2126
54393.29677	-0.1980
54393.30185	-0.1844
54393.30694	-0.1783
54393.31202	-0.1720
54393.31710	-0.1456
54393.32218	-0.1374
54393.32726	-0.1270
54393.33234	-0.1118
54393.33742	-0.0919
54393.34250	-0.0810
54393.34759	-0.0629
54393.35268	-0.0616
54393.35777	-0.0553
54393.36284	-0.0577
54393.36792	-0.0460
54393.37301	-0.0397
54393.37811	-0.0428
54393.38318	-0.0421
54393.38827	-0.0353
54393.39335	-0.0227
54393.39843	-0.0184
54393.40351	-0.0150
54393.40859	0.0012
54393.41368	0.0125
54393.41881	0.0248
54393.42392	0.0255
54393.42900	0.0574
54393.43409	0.0591
54393.43917	0.0772
54393.44424	0.0931
54393.44933	0.1018
54393.45441	0.1227
54393.45952	0.1370
54393.46462	0.1402
54393.46971	0.1485
54393.47479	0.1584
54393.47986	0.1620
54393.48494	0.1356
54393.49003	0.1218
54393.49511	0.0944
54393.50020	0.0535
54393.50528	-0.0271
54393.51037	-0.1454
54393.51545	-0.2652
54393.52053	-0.4079
54393.52561	-0.4937
54393.53069	-0.6268
54407.21562	-0.0420
54407.22072	-0.0408
54407.22580	-0.0351
54407.23088	-0.0251
54407.23596	-0.0235
54407.24105	-0.0201
54407.24613	-0.0259
54407.25123	-0.0083
54407.25631	-0.0064
54407.26142	0.0090
54407.26651	0.0195
54407.27161	0.0213
54407.27670	0.0386
54407.28179	0.0374
54407.28689	0.0600
54407.29196	0.0768
54407.29705	0.0971
54597.53786	0.1445
54597.54292	0.1498
54597.54799	0.1423
54597.55305	0.0966
54597.55811	0.0374
54597.56316	-0.0572
54597.56823	-0.2024
54597.57329	-0.3714
54597.57836	-0.5232
54597.58343	-0.6347
54597.58850	-0.7673
54597.59358	-0.8805
54598.47754	-0.7095
54598.48260	-0.6852
54598.48766	-0.6367
54598.49273	-0.6178
54598.49779	-0.5929
54598.50286	-0.5705
54598.50793	-0.5374
54598.51298	-0.5137
54598.51806	-0.4844
54598.52312	-0.4532
54598.52819	-0.4454
54598.53325	-0.4095
54598.53833	-0.3926
54598.54339	-0.3787
54598.54845	-0.3539
54598.55352	-0.3445
54598.55858	-0.3135
54598.56365	-0.2960
54598.56872	-0.2817
54598.57381	-0.2711
54598.57888	-0.2651
54598.58394	-0.2448
54598.58902	-0.2351
54604.49172	-0.1901
54604.49695	-0.1891
54604.50375	-0.1656
54604.51056	-0.1439
54604.51735	-0.1261
54604.52415	-0.1082
54604.53096	-0.0943
54604.53775	-0.0795
54604.54456	-0.0672
54604.55135	-0.0612
54604.55816	-0.0517
54604.57175	-0.0317
54604.57857	-0.0383
54604.58536	-0.0330
54609.53892	-0.1601
54609.54448	-0.1485
54609.54989	-0.1254
54609.55531	-0.1008
54609.56072	-0.1150
54609.56613	-0.0851
54609.57154	-0.0623
54609.57695	-0.0597
54609.58235	-0.0648
54610.50831	0.0762
54610.51373	0.1044
54610.51915	0.1121
54610.52457	0.1333
54610.52998	0.1398
54610.53540	0.1536
54610.54082	0.1511
54610.54623	0.1564
54610.55164	0.1439
54610.56786	0.0829
54610.57327	-0.0004
54610.57869	-0.1222
54610.58412	-0.3008
54613.48618	0.1222
54613.49124	0.1417
54613.49630	0.1324
54613.50137	0.1047
54613.51176	-0.0437
54613.51717	-0.1610
54613.52258	-0.3104
54613.52799	-0.4432
54613.53340	-0.5358
54613.53879	-0.6506
54613.54384	-0.7511
54613.54891	-0.8163
54613.55397	-0.8427
54613.55904	-0.8438
54613.56410	-0.8173
54613.57423	-0.7773
54613.57929	-0.7457
54613.58435	-0.7155
54628.42842	-0.1647
54628.43348	-0.1559
54628.43854	-0.1359
54628.44361	-0.1326
54628.44868	-0.1170
54628.45374	-0.0971
54628.45881	-0.0882
54628.46388	-0.0789
54628.46896	-0.0671
54628.47402	-0.0588
54628.47908	-0.0478
54628.48415	-0.0500
54628.48922	-0.0368
54628.49428	-0.0361
54628.49936	-0.0201
54628.50442	-0.0209
54628.50950	-0.0185
54628.51456	-0.0232
54628.51964	-0.0102
54628.52470	-0.0061
54628.52977	-0.0018
54628.53484	0.0060
54628.53990	0.0246
54628.54497	0.0308
54628.55006	0.0506
54628.55513	0.0616
54628.56019	0.0806
54628.56527	0.0889
54628.57032	0.1047
54628.57539	0.1270
54628.58050	0.1304
54661.31692	0.1065
54661.32093	0.1050
54661.32580	0.1191
54661.33089	0.1215
54661.33595	0.1569
54661.34102	0.1551
54661.34611	0.1592
54661.35120	0.1636
54661.35628	0.1612
54661.36136	0.1466
54661.36643	0.1477
54661.37151	0.1064
54661.37657	0.0456
54661.38165	-0.0718
54661.38673	-0.1882
54661.39180	-0.3774
54661.39687	-0.5007
54661.40194	-0.6208
54661.40701	-0.7598
54661.41209	-0.8532
54661.41715	-0.8948
54661.42223	-0.8955
54661.42730	-0.8763
54661.43238	-0.8506
54676.32666	-0.0998
54676.33175	-0.0727
54676.33715	-0.0647
54676.34258	-0.0740
54676.34800	-0.0447
54676.35341	-0.0622
54676.35883	-0.0375
54676.36425	-0.0429
54676.36967	-0.0423
54676.37509	-0.0364
54676.38051	-0.0344
54676.38591	-0.0216
54676.39134	-0.0180
54676.39677	-0.0014
54676.40218	-0.0016
54676.40758	0.0163
54676.41298	0.0468
54676.41823	0.0550
54676.42346	0.0588
54676.42870	0.0806
54676.43394	0.0910
54676.43916	0.1055
54676.44425	0.1223
54676.44931	0.1174
54676.45437	0.1385
54676.45942	0.1437
54676.46429	0.1502
54676.46900	0.1316
54676.47372	0.1250
54676.47845	0.1032
54676.48318	0.0835
54676.48792	0.0144
54676.49265	-0.0725
54676.49737	-0.1813
54676.50209	-0.3176
54676.50681	-0.4383
54676.51154	-0.5184
54676.51628	-0.6123
54676.52101	-0.7251
54676.52574	-0.7974
54676.53046	-0.8380
54676.53517	-0.8465
54676.53989	-0.8453
54676.54460	-0.8224
54676.54932	-0.7965
54676.55403	-0.7729
54676.55875	-0.7428
54676.56346	-0.7175
54676.56820	-0.6976
54676.57293	-0.6772
54676.57765	-0.6379
54676.58237	-0.6170
54676.58710	-0.6077
54676.59182	-0.5805
54676.59653	-0.5465
54676.60124	-0.5291
54676.60624	-0.5094
54688.45174	-0.2169
54688.45680	-0.2000
54688.46186	-0.1961
54688.46693	-0.1831
54688.47200	-0.1765
54688.47707	-0.1655
54688.48213	-0.1420
54688.49733	-0.1137
54688.50239	-0.1031
54688.50746	-0.0816
54688.51255	-0.0718
54688.51762	-0.0696
54688.52268	-0.0356
54688.53788	-0.0498
54688.54294	-0.0487
54688.54801	-0.0416
54688.55815	-0.0299
54688.56321	-0.0043
54688.57334	-0.0118
54688.57841	0.0046
54688.58349	0.0216
54688.58856	0.0469
54688.59362	0.0496
54688.59869	0.0704
54688.60375	0.0977
54688.60881	0.0974
54688.61388	0.0946
54689.46637	0.1267
54689.48020	0.1514
54689.48545	0.1453
54689.49051	0.1416
54689.49560	0.1259
54689.50066	0.0770
54689.50573	0.0213
54689.51081	-0.0609
54689.51587	-0.1893
54689.52094	-0.3255
54689.52600	-0.4668
54689.53107	-0.5475
54689.53614	-0.6638
54689.54121	-0.7856
54689.54628	-0.8458
54689.55135	-0.8662
54689.55641	-0.8604
54689.56147	-0.8351
54689.56653	-0.8089
54689.57161	-0.7854
54689.57667	-0.7537
54689.58175	-0.7307
54689.58656	-0.6982
54689.59104	-0.6821
54689.59489	-0.6604
54689.59833	-0.6328
54689.60166	-0.6211
54689.60501	-0.5886
54689.60837	-0.5880
54689.61172	-0.5778
54693.46703	-0.2654
54693.47210	-0.2484
54693.47717	-0.2364
54693.48225	-0.2235
54693.48732	-0.2099
54693.49239	-0.2009
54693.49747	-0.1937
54693.50254	-0.1870
54693.50761	-0.1670
54693.51268	-0.1524
54693.51775	-0.1404
54693.52281	-0.1261
54693.52788	-0.1081
54693.53294	-0.1103
54693.53801	-0.0838
54693.54307	-0.0731
54693.54813	-0.0613
54693.55320	-0.0483
54693.55827	-0.0429
54693.56334	-0.0345
54693.56841	-0.0459
54693.57347	-0.0296
54693.57854	-0.0381
54693.59374	-0.0120
54693.59881	-0.0120
54693.60388	-0.0166
54693.60895	0.0071
54693.61401	0.0157
54693.61907	0.0162
54694.55223	-0.1376
54694.55730	-0.2883
54708.47921	-0.6931
54708.48429	-0.6402
54708.49950	-0.5936
54708.50457	-0.5562
54708.50964	-0.5307
54708.51470	-0.5091
54708.51976	-0.4833
54708.52483	-0.4723
54708.52991	-0.4439
54708.53497	-0.4217
54708.54005	-0.4017
54708.54512	-0.3855
54708.55019	-0.3630
54708.55525	-0.3430
54708.56031	-0.3276
54708.56539	-0.3120
54708.57046	-0.2989
54708.57552	-0.2856
54708.58058	-0.2716
54710.51880	-0.4529
54710.52387	-0.5381
54710.52894	-0.6583
54710.53400	-0.7686
54710.53907	-0.8379
54710.54414	-0.8605
54710.54921	-0.8575
54710.55427	-0.8318
54710.55934	-0.8066
54710.56440	-0.7827
54710.56947	-0.7602
54710.57452	-0.7267
54710.57959	-0.6958
54710.58465	-0.6711
54710.58972	-0.6440
54710.59479	-0.6182
54710.59985	-0.5847
54710.60999	-0.5452
54710.61505	-0.5143
54710.62011	-0.5015
54710.62518	-0.4697
54710.63025	-0.4488
54710.64038	-0.4118
54711.57551	-0.1555
54711.58120	-0.1342
54711.58696	-0.1123
54711.59272	-0.0982
54711.59849	-0.0764
54711.60426	-0.0702
54711.61002	-0.0613
54711.61578	-0.0614
54711.62155	-0.0468
54711.62730	-0.0387
54711.63307	-0.0375
